# outputSparseMatrix.m 
m = 8   n = 8   numItems = 60
0,0 = 1171716 
1,0 = 72450 
2,0 = 471562 
3,0 = 392023 
4,0 = 1100212 
5,0 = 134850 
6,0 = 485511 
7,0 = 528493 
0,1 = 162326 
1,1 = 89550 
2,1 = 143614 
3,1 = 173311 
4,1 = 993504 
5,1 = 376650 
6,1 = 240747 
7,1 = 570135 
0,2 = 963744 
1,2 = 324414 
2,2 = 232622 
3,2 = 581065 
4,2 = 272646 
5,2 = 221340 
6,2 = 297353 
7,2 = 81175 
0,3 = 1276820 
1,3 = 280188 
2,3 = 259003 
3,3 = 486435 
4,3 = 1369204 
6,3 = 467345 
7,3 = 1006218 
0,4 = 455895 
1,4 = 224235 
3,4 = 245520 
4,4 = 120300 
5,4 = 139500 
0,5 = 1168585 
1,5 = 163533 
2,5 = 161046 
3,5 = 335962 
4,5 = 609978 
5,5 = 365490 
6,5 = 190854 
7,5 = 67816 
0,6 = 1091260 
1,6 = 61950 
2,6 = 348968 
3,6 = 104559 
4,6 = 1602252 
5,6 = 389670 
6,6 = 105315 
7,6 = 484379 
0,7 = 104804 
1,7 = 134400 
2,7 = 128212 
3,7 = 153776 
4,7 = 1836304 
5,7 = 926280 
6,7 = 228480 
7,7 = 855680 